tweet_id,favorite_count,retweet_count
892420643555336193,38950,8633
892177421306343426,33348,6341
891815181378084864,25122,4208
891689557279858688,42291,8756
891327558926688256,40455,9512
891087950875897856,20292,3149
890971913173991426,11900,2100
890729181411237888,65802,19141
890609185150312448,27870,4317
890240255349198849,32054,7514
890006608113172480,30762,7431
889880896479866881,27883,5027
889665388333682689,48265,10183
889638837579907072,27271,4596
889531135344209921,15140,2262
889278841981685760,25396,5497
888917238123831296,29189,4561
888804989199671297,25689,4396
888554962724278272,20001,3626
888078434458587136,21848,3540
887705289381826560,30304,5462
887517139158093824,46406,11806
887473957103951883,69382,18449
887343217045368832,33814,10528
887101392804085760,30660,6035
886983233522544640,35289,7859
886736880519319552,12121,3338
886680336477933568,22514,4526
886366144734445568,21196,3223
886267009285017600,116,4
886258384151887873,28064,6374
886054160059072513,0,105
885984800019947520,32838,6893
885528943205470208,36139,6520
885518971528720385,20499,3808
885311592912609280,0,18794
885167619883638784,22024,4436
884925521741709313,77852,18682
884876753390489601,28038,5868
884562892145688576,24394,4937
884441805382717440,27097,5724
884247878851493888,73292,20680
884162670584377345,20464,3031
883838122936631299,21989,3493
883482846933004288,46123,10095
883360690899218434,22639,3733
883117836046086144,37371,6760
882992080364220416,24041,3981
882762694511734784,28426,4991
882627270321602560,27974,6173
882268110199369728,45137,11766
882045870035918850,29486,5052
881906580714921986,24386,3437
881666595344535552,50749,10822
881633300179243008,127,7
881536004380872706,49650,16191
881268444196462592,23150,5215
880935762899988482,17075,2815
880872448815771648,21381,3870
880465832366813184,28644,6373
880221127280381952,27185,4291
880095782870896641,27737,4420
879862464715927552,22388,3550
879674319642796034,312,10
879492040517615616,23502,3233
879415818425184262,106315,44804
879376492567855104,16841,3160
879130579576475649,0,6951
879050749262655488,22690,4783
879008229531029506,19043,2733
878776093423087618,19454,4187
878604707211726852,30405,7355
878404777348136964,0,1312
878316110768087041,0,6765
878281511006478336,7790,1312
878057613040115712,42234,6951
877736472329191424,80355,19482
877611172832227328,0,81
877556246731214848,22872,3891
877316821321428993,27478,5266
877201837425926144,27268,5693
876838120628539392,20777,3417
876537666061221889,23549,4688
876484053909872640,18857,2446
876120275196170240,28061,4775
875747767867523072,25320,4370
875144289856114688,22030,5013
875097192612077568,27558,6156
875021211251597312,25621,4798
874680097055178752,28018,4727
874434818259525634,0,15077
874296783580663808,26215,4194
874057562936811520,22785,4030
874012996292530176,34909,10684
873580283840344065,24410,4031
873337748698140672,0,1622
873213775632977920,7321,1622
872967104147763200,27577,5516
872820683541237760,14826,3779
872668790621863937,0,29
872620804844003328,20958,3793
872486979161796608,41017,9213
872261713294495745,34526,6479
872122724285648897,34757,8321
871879754684805121,38419,11516
871762521631449091,20457,3567
871515927908634625,20414,3541
871166179821445120,0,5827
871102520638267392,21137,5625
871032628920680449,22899,3899
870804317367881728,34024,6394
870726314365509632,120,3
870656317836468226,12591,2728
870374049280663552,83670,26991
870308999962521604,22095,4272
870063196459192321,37142,8606
869772420881756160,42976,10359
869702957897576449,28632,6527
869596645499047938,16216,3235
869227993411051520,20747,3918
868880397819494401,66650,14994
868639477480148993,0,2170
868622495443632128,27821,5965
868552278524837888,10346,2170
867900495410671616,24583,4325
867774946302451713,34570,7588
867421006826221569,16463,2613
867072653475098625,0,131
867051520902168576,32842,8179
866720684873056260,20508,5019
866686824827068416,19739,3626
866450705531457537,124668,36652
866334964761202691,53726,15077
866094527597207552,0,8704
865718153858494464,26173,5837
865359393868664832,27076,5223
865006731092295680,28627,8009
864873206498414592,33069,9121
864279568663928832,14950,3186
864197398364647424,30909,9370
863907417377173506,21122,4332
863553081350529029,15656,4360
863471782782697472,0,2596
863432100342583297,24385,5526
863427515083354112,2317,101
863079547188785154,8974,1155
863062471531167744,8774,2596
862831371563274240,19677,5318
862722525377298433,17514,3706
862457590147678208,21105,5216
862096992088072192,76706,24450
861383897657036800,37086,11236
861288531465048066,17687,4379
861005113778896900,17206,4002
860981674716409858,0,2268
860924035999428608,0,857
860563773140209665,7724,2268
860524505164394496,24304,5550
860276583193509888,18846,3655
860184849394610176,17188,6152
860177593139703809,0,32515
859924526012018688,20128,4310
859851578198683649,15852,3689
859607811541651456,19153,1659
859196978902773760,92866,31932
859074603037188101,34974,14375
858860390427611136,0,8578
858843525470990336,16043,3669
858471635011153920,22222,5118
858107933456039936,16247,3082
857989990357356544,16666,2733
857746408056729600,35420,11233
857393404942143489,6122,1726
857263160327368704,20687,4800
857214891891077121,238,20
857062103051644929,0,179
857029823797047296,19590,4254
856602993587888130,0,11332
856543823941562368,16877,3062
856526610513747968,12256,2004
856330835276025856,0,720
856288084350160898,535,17
856282028240666624,28657,6711
855862651834028034,363,28
855860136149123072,5111,1104
855857698524602368,12273,2253
855851453814013952,47126,18801
855818117272018944,27607,5804
855459453768019968,31141,8789
855245323840757760,0,6370
855138241867124737,0,49
854732716440526848,23776,6524
854482394044301312,30582,7371
854365224396361728,19701,5028
854120357044912130,33316,8035
854010172552949760,16887,3362
853760880890318849,29907,6226
853639147608842240,36526,10916
853299958564483072,16258,3825
852936405516943360,0,2178
852912242202992640,9478,1984
852672615818899456,15656,2312
852553447878664193,17186,3781
852311364735569921,34763,10683
852226086759018497,20991,7368
852189679701164033,12025,1705
851953902622658560,0,10418
851861385021730816,0,23
851591660324737024,17029,3740
851464819735769094,25523,7640
851224888060895234,21736,6191
850753642995093505,32737,10074
850380195714523136,13748,2827
850333567704068097,3596,361
850145622816686080,17221,4137
850019790995546112,21586,5313
849776966551130114,32142,8257
849668094696017920,0,5392
849412302885593088,16758,3399
849336543269576704,12071,2051
849051919805034497,44799,9275
848690551926992896,26656,4690
848324959059550208,26183,5007
848213670039564288,8658,814
848212111729840128,17301,3354
847978865427394560,0,3550
847971574464610304,0,467
847962785489326080,24859,5584
847842811428974592,5824,1468
847617282490613760,7428,457
847606175596138505,19861,3677
847251039262605312,21640,4669
847157206088847362,21195,6383
847116187444137987,22714,3483
846874817362120707,21299,4287
846514051647705089,47469,12682
846505985330044928,15028,3390
846153765933735936,33731,9893
846139713627017216,32718,10726
846042936437604353,16988,3145
845812042753855489,31142,9568
845677943972139009,26684,5224
845397057150107648,8106,1999
845306882940190720,24790,5895
845098359547420673,0,8407
844979544864018432,14489,2834
844973813909606400,16098,3518
844704788403113984,41246,11332
844580511645339650,17534,3433
844223788422217728,14507,2399
843981021012017153,16069,3199
843856843873095681,22800,5079
843604394117681152,17991,2999
843235543001513987,22906,6643
842846295480000512,16198,3926
842765311967449089,7198,1405
842535590457499648,19291,3838
842163532590374912,26125,6370
842115215311396866,14957,3314
841833993020538882,0,16951
841680585030541313,27352,8524
841439858740625411,13501,4050
841320156043304961,21068,5961
841314665196081154,16968,5173
841077006473256960,24498,5827
840761248237133825,0,1935
840728873075638272,0,17812
840698636975636481,195,3
840696689258311684,13158,1089
840632337062862849,9603,1935
840370681858686976,17606,5022
840268004936019968,20606,6316
839990271299457024,14369,2533
839549326359670784,29469,8578
839290600511926273,0,156
839239871831150596,29127,7220
838952994649550848,21006,4396
838921590096166913,11966,2292
838916489579200512,0,37
838831947270979586,0,12242
838561493054533637,11690,1469
838476387338051585,24236,5325
838201503651401729,0,11199
838150277551247360,1795,359
838085839343206401,149,0
838083903487373313,18892,3479
837820167694528512,36670,8704
837482249356513284,4132,490
837471256429613056,13747,2557
837366284874571778,22662,5852
837110210464448512,17174,2655
836989968035819520,13651,2543
836753516572119041,20650,5102
836677758902222849,13532,2457
836648853927522308,0,610
836397794269200385,0,30538
836380477523124226,15798,3254
836260088725786625,22788,4739
836001077879255040,20527,4783
835685285446955009,0,9077
835574547218894849,19132,4017
835536468978302976,0,1885
835309094223372289,0,23342
835297930240217089,17597,3309
835264098648616962,8344,1885
835246439529840640,2238,81
835172783151792128,28064,6371
835152434251116546,24131,3365
834931633769889797,11644,1829
834786237630337024,22658,6049
834574053763584002,14739,2808
834477809192075265,0,11839
834458053273591808,10340,1857
834209720923721728,22162,5318
834167344700198914,16929,4027
834089966724603904,10803,2359
834086379323871233,14046,2456
833863086058651648,14419,2669
833826103416520705,16489,3819
833732339549220864,0,241
833722901757046785,22228,3555
833479644947025920,15984,2292
833124694597443584,21757,5392
832998151111966721,14321,2463
832769181346996225,0,42
832757312314028032,18126,4023
832682457690300417,12799,3272
832645525019123713,3140,578
832636094638288896,17089,3118
832397543355072512,12880,2479
832369877331693569,18484,3550
832273440279240704,12164,2598
832215909146226688,0,6885
832215726631055365,0,10424
832088576586297345,72,2
832040443403784192,0,10825
832032802820481025,19261,5194
831939777352105988,25880,6848
831926988323639298,367,36
831911600680497154,29822,7275
831670449226514432,11269,2019
831650051525054464,7744,2178
831552930092285952,9716,2557
831322785565769729,9885,1706
831315979191906304,7007,1238
831309418084069378,12619,2713
831262627380748289,12836,2291
830956169170665475,8598,1682
830583320585068544,72195,18794
830173239259324417,0,6371
830097400375152640,10617,3358
829878982036299777,0,5602
829861396166877184,13225,2192
829501995190984704,34265,11839
829449946868879360,11319,2270
829374341691346946,37432,10418
829141528400556032,26499,8283
829011960981237760,57248,18121
828801551087042563,0,3796
828770345708580865,27633,6569
828708714936930305,39564,12533
828650029636317184,10282,1502
828409743546925057,6787,1282
828408677031882754,8263,1430
828381636999917570,13650,2485
828376505180889089,7996,1188
828372645993398273,13544,3268
828361771580813312,2370,191
828046555563323392,12732,3192
828011680017821696,11199,2394
827933404142436356,21802,5851
827653905312006145,16710,3351
827600520311402496,8022,1054
827324948884643840,17192,3423
827199976799354881,11462,2506
826958653328592898,23376,5602
826848821049180160,39575,11507
826615380357632002,0,4406
826598799820865537,5545,286
826598365270007810,10914,2628
826476773533745153,19945,4694
826240494070030336,14366,2895
826204788643753985,5276,1050
826115272272650244,16992,3506
825876512159186944,11336,2096
825829644528148480,13793,2790
825535076884762624,56363,19267
825147591692263424,19854,5125
825120256414846976,0,1443
825026590719483904,6901,1443
824796380199809024,0,6151
824775126675836928,16244,3955
824663926340194305,10923,1946
824325613288833024,12781,11621
824297048279236611,16305,4336
824025158776213504,5176,665
823939628516474880,11558,3042
823719002937630720,0,12637
823699002998870016,13638,2708
823581115634085888,14147,2975
823333489516937216,760,29
823322678127919110,17120,4523
823269594223824897,0,11086
822975315408461824,18801,3865
822872901745569793,143886,49364
822859134160621569,14347,2562
822647212903690241,0,7195
822610361945911296,16043,3329
822489057087389700,19735,7195
822462944365645825,31162,16635
822244816520155136,38119,11086
822163064745328640,0,5424
821886076407029760,12358,2633
821813639212650496,0,3749
821765923262631936,9169,1864
821522889702862852,8719,1985
821421320206483457,0,6285
821407182352777218,12831,4903
821153421864615936,276,10
821149554670182400,9524,2265
821107785811234820,10455,2403
821044531881721856,13765,2574
820837357901512704,0,7525
820749716845686786,34372,11199
820690176645140481,13301,3628
820494788566847489,0,636
820446719150292993,0,2906
820314633777061888,3635,636
820078625395449857,21552,7068
820013781606658049,0,1328
819952236453363712,5808,1328
819924195358416896,14023,5455
819711362133872643,14646,3532
819588359383371776,10411,2215
819347104292290561,7865,1352
819238181065359361,2493,453
819227688460238848,25170,7525
819015337530290176,0,41161
819015331746349057,0,21250
819006400881917954,49123,21250
819004803107983360,93975,41161
818646164899774465,0,23451
818627210458333184,24187,8366
818614493328580609,10761,2912
818588835076603904,0,6937
